iterator u=60 flow= 63 cost=0
iterator u=57 flow= 63 cost=0
iterator u=38 flow= 63 cost=0
iterator u=60 flow= 103 cost=0
iterator u=55 flow= 103 cost=0
iterator u=13 flow= 103 cost=0
iterator u=60 flow= 125 cost=0
iterator u=53 flow= 125 cost=0
iterator u=7 flow= 125 cost=0
iterator u=60 flow= 133 cost=0
iterator u=58 flow= 133 cost=0
iterator u=34 flow= 133 cost=0
iterator u=60 flow= 169 cost=0
iterator u=52 flow= 169 cost=0
iterator u=22 flow= 169 cost=0
iterator u=60 flow= 218 cost=0
iterator u=56 flow= 218 cost=0
iterator u=15 flow= 218 cost=0
iterator u=60 flow= 242 cost=0
iterator u=50 flow= 242 cost=0
iterator u=43 flow= 242 cost=0
iterator u=60 flow= 257 cost=0
iterator u=51 flow= 257 cost=0
iterator u=44 flow= 257 cost=0
iterator u=60 flow= 303 cost=0
iterator u=54 flow= 303 cost=0
iterator u=37 flow= 303 cost=0


138 264 306 278 232 233 254 608 398 650 199 584 664 311 305 656 554 297 305 266 333 199 162 295 546 414 453 186 300 422 353 278 329 0 240 305 306 391 450 609 225
150 15 135 120 90 150 75 274 195 251 105 259 285 159 195 286 285 168 120 135 150 130 165 165 285 180 216 180 214 210 225 30 135 150 0 153 180 225 240 329 240
376 360 621 582 515 534 504 1120 762 1270 144 1084 1236 668 647 1216 1026 658 736 564 749 508 412 0 699 886 919 408 406 798 719 450 766 547 486 662 640 348 850 1087 151
426 396 220 286 352 457 421 722 396 748 499 700 768 512 523 762 456 519 423 308 455 474 418 587 0 316 563 466 433 418 567 374 445 488 418 520 374 675 447 589 466
646 622 562 276 603 799 692 1143 539 1311 844 1105 1269 924 944 1247 926 917 879 464 897 832 620 1102 494 786 1037 540 302 0 1080 668 904 930 860 932 582 1304 878 773 403
518 498 365 200 455 633 545 1105 0 1273 690 1067 1231 740 762 1209 400 727 800 294 817 654 486 860 468 400 961 506 281 440 858 538 826 766 690 748 406 1074 808 383 388
1057 1005 722 695 958 1218 1059 1401 490 1569 1240 1363 1527 1339 1305 1505 0 1333 1154 896 1172 1270 1034 1546 568 588 1312 770 435 989 1470 1014 1179 1229 1159 1356 1017 1616 1094 660 466
950 857 985 915 791 1094 807 0 1105 605 1046 267 340 918 1203 324 1401 1120 662 945 666 948 988 1198 862 1261 478 896 590 1143 1296 873 684 1108 1024 934 1049 1406 1315 1403 477
68 88 56 32 56 96 80 184 72 128 100 176 176 102 120 184 136 104 72 24 88 92 60 132 136 80 112 84 0 80 136 96 80 84 96 98 48 164 112 144 156
the num:
1 4 0 3 2 47 19 38 13 40 23 39 41 21 46 42 15 45 28 32 29 18 35 22 7 14 31 9 34 37 48 11 30 43 44 20 33 24 26 16 25




138 150 376 426 646 518 1057 950 68
264 15 360 396 622 498 1005 857 88
306 135 621 220 562 365 722 985 56
278 120 582 286 276 200 695 915 32
232 90 515 352 603 455 958 791 56
233 150 534 457 799 633 1218 1094 96
254 75 504 421 692 545 1059 807 80
608 274 1120 722 1143 1105 1401 0 184
398 195 762 396 539 0 490 1105 72
650 251 1270 748 1311 1273 1569 605 128
199 105 144 499 844 690 1240 1046 100
584 259 1084 700 1105 1067 1363 267 176
664 285 1236 768 1269 1231 1527 340 176
311 159 668 512 924 740 1339 918 102
305 195 647 523 944 762 1305 1203 120
656 286 1216 762 1247 1209 1505 324 184
554 285 1026 456 926 400 0 1401 136
297 168 658 519 917 727 1333 1120 104
305 120 736 423 879 800 1154 662 72
266 135 564 308 464 294 896 945 24
333 150 749 455 897 817 1172 666 88
199 130 508 474 832 654 1270 948 92
162 165 412 418 620 486 1034 988 60
295 165 0 587 1102 860 1546 1198 132
546 285 699 0 494 468 568 862 136
414 180 886 316 786 400 588 1261 80
453 216 919 563 1037 961 1312 478 112
186 180 408 466 540 506 770 896 84
300 214 406 433 302 281 435 590 0
422 210 798 418 0 440 989 1143 80
353 225 719 567 1080 858 1470 1296 136
278 30 450 374 668 538 1014 873 96
329 135 766 445 904 826 1179 684 80
0 150 547 488 930 766 1229 1108 84
240 0 486 418 860 690 1159 1024 96
305 153 662 520 932 748 1356 934 98
306 180 640 374 582 406 1017 1049 48
391 225 348 675 1304 1074 1616 1406 164
450 240 850 447 878 808 1094 1315 112
609 329 1087 589 773 383 660 1403 144
225 240 151 466 403 388 466 477 156
the num:
1 4 0 3 2 47 19 38 13 40 23 39 41 21 46 42 15 45 28 32 29 18 35 22 7 14 31 9 34 37 48 11 30 43 44 20 33 24 26 16 25
I am here!!


I am here!!